#1
double FuelFlow(185,2) #Result 1|time [s] Case 1,Result 1|fuelflow [kg/s] Case 1
0  0.5478698780898463
27.635144025793764  0.5658404573776531
35.402371084313856  0.567334192718253
52.202367879187484  0.5686877122150615
78.34219174210541  0.5218919515851143
104  0.3958976003158372
208  0.3874961963429664
312  0.3795315863553967
416  0.37200299873797193
450.34753704646107  0.3696088944918981
520  0.43324810515552126
588.3774521133195  0.41973332771269695
624  0.4065139018483125
728  0.3716406273921842
832  0.34312584673185403
936  0.32047068378636373
1040  0.30174605028989854
1144  0.2863242870625101
1248  0.2736632898069534
1352  0.2614903947940352
1456  0.2518318576727612
1560  0.2442991026911513
1664  0.2384092826885184
1728.3324488287308  0.23542341909849657
1768  0.23694837141831432
1872  0.2414652295816588
1976  0.2465449830026277
2080  0.2518728031705752
2184  0.257044280701855
2189.1133267389087  0.2572842523311055
2288  0.2224524512532355
2392  0.2223916917809432
2496  0.22233096740760053
2600  0.2222702780679076
2704  0.22220962369688751
2808  0.22214900422886144
2912  0.22208841959826775
3016  0.22202786973976604
3120  0.22196735458815395
3224  0.2219068740783605
3328  0.22184642814543667
3432  0.2217860167245332
3536  0.2217256397509403
3640  0.22166529716004837
3744  0.22160498888736704
3848  0.2215447148685257
3952  0.2214844750392532
4056  0.22142426933541678
4160  0.22136409769298312
4264  0.22130396004803746
4368  0.22124385633678303
4472  0.22118378649429754
4576  0.22112375045780738
4680  0.2210637481641571
4784  0.22100377955009032
4888  0.22094384455240593
4992  0.22088394310799522
5096  0.22082407515385585
5200  0.2207642406270955
5304  0.2207044394649334
5408  0.22064467160470116
5512  0.22058493698384185
5616  0.22052523553991063
5720  0.22046556721057392
5824  0.22040593193360972
5928  0.2203463296469068
6032  0.2202867602884654
6068.344798233413  0.22026595038420554
6136  0.2523427619556499
6240  0.24615755228800942
6344  0.24135643559041278
6429.967285281954  0.23822400042668085
6448  0.2196306848251133
6552  0.2201156018123445
6656  0.22004846987169407
6760  0.21998133444237705
6864  0.21991426793106927
6968  0.21984725218805354
7072  0.2197802923288639
7176  0.21971338409644475
7280  0.21964652869184442
7384  0.2195797272907671
7488  0.21951297911744752
7592  0.21944628395822816
7696  0.21937964169974225
7800  0.21931305224890785
7904  0.2192465155106039
8008  0.21918003138000855
8112  0.21911359976765662
8216  0.21904722057157167
8320  0.21898089369382143
8424  0.21891461903822798
8528  0.21884839650678786
8632  0.21878222600150846
8736  0.2187161074239607
8840  0.2186500406765423
8944  0.21858402566195018
9048  0.2185180622832394
9152  0.21845215044366642
9256  0.21838629004668594
9360  0.21832048099592752
9464  0.21825472319520092
9568  0.21818901654849593
9672  0.21812336095998608
9776  0.21805775633402738
9880  0.21799220257516014
9984  0.21792669958810515
10088  0.2178612472777673
10192  0.21779584554923587
10296  0.21773049430778044
10400  0.2176651934588513
10504  0.21759994290807766
10608  0.21753474256127028
10712  0.21746959232442103
10816  0.21740449210370227
10920  0.2173394418054648
11024  0.21727444133624155
11128  0.21720949060273853
11232  0.21714458951183924
11336  0.21707973797060565
11440  0.2170149358862775
11544  0.21695018316627174
11648  0.21688547971817926
11752  0.21682082544976897
11856  0.2167562202689858
11960  0.21669166408395102
12064  0.21662715680296013
12168  0.2165626983344854
12272  0.21649828858716808
12376  0.21643392746982304
12480  0.21636961489144038
12584  0.21630535076118304
12688  0.21624113498838662
12792  0.2161769674825584
12896  0.21611284815337775
13000  0.21604877691069496
13104  0.2159847536645314
13208  0.2159207783250792
13312  0.21585685080270026
13416  0.21579297100792666
13520  0.21572913885146
13624  0.21566535424417035
13728  0.21560161709709724
13832  0.2155379273214478
13936  0.21547428482859762
14040  0.21541068953008977
14144  0.21534714133763547
14248  0.21528364016311213
14352  0.21522018591856198
14456  0.21515677851619422
14560  0.21509341786838404
14664  0.21503010388767227
14768  0.2149668364867643
14872  0.21490361557853063
14976  0.2148404410760058
15080  0.21477731289238639
15184  0.21471423094103417
15288  0.2146511951354743
15392  0.2145882053893965
15496  0.21452526161665203
15600  0.21446236373125688
15704  0.21439951164738444
15808  0.21433670527936907
15912  0.21427394454170684
15936.890809619612  0.21425893047678254
16016  0.09994194893127466
16120  0.10612820937252722
16173.678965211942  0.11113679865135995
16224  0.06313576742064432
16328  0.05819450481248859
16432  0.053399120299543974
16536  0.04887572331989584
16640  0.04458168202317645
16744  0.039967050012372496
16848  0.03502759006338763
16854.537868443327  0.03470741874734718
16952  0
17034.04454739238  0
17056  0.14445480882522704
17154.04454739267  0.14431245304638463
17160  0.15131451764596568
17264  0.15633172112114604
17368  0.16722940665795982
17408.384022289523  0
17466.926768695528  0